%YAML:1.0

# a1 5651
IMU: 5651

